000001111,0
000010111,0
000011011,0
000011101,0
000011110,0
000011111,1
000100111,0
000101011,0
000101101,0
000101110,0
000101111,1
000110011,0
000110101,0
000110110,0
000110111,1
000111001,0
000111010,0
000111011,1
000111100,0
000111101,1
000111110,1
001000111,0
001001011,0
001001101,0
001001110,0
001001111,1
001010011,0
001010101,0
001010110,0
001010111,1
001011001,0
001011010,0
001011011,1
001011100,0
001011101,1
001011110,1
001100011,0
001100101,0
001100110,0
001100111,1
001101001,0
001101010,0
001101011,1
001101100,0
001101101,1
001101110,1
001110001,0
001110010,0
001110011,1
001110100,0
001110101,1
001110110,1
001111000,0
001111001,1
001111010,1
001111100,1
010000111,0
010001011,0
010001101,0
010001110,0
010001111,1
010010011,0
010010101,0
010010110,0
010010111,1
010011001,0
010011010,0
010011011,1
010011100,0
010011101,1
010011110,1
010100011,0
010100101,0
010100110,0
010100111,1
010101001,0
010101010,0
010101011,1
010101100,0
010101101,1
010101110,1
010110001,0
010110010,0
010110011,1
010110100,0
010110101,1
010110110,1
010111000,0
010111001,1
010111010,1
010111100,1
011000011,0
011000101,0
011000110,0
011000111,1
011001001,0
011001010,0
011001011,1
011001100,0
011001101,1
011001110,1
011010001,0
011010010,0
011010011,1
011010100,0
011010101,1
011010110,1
011011000,0
011011001,1
011011010,1
011011100,1
011100001,0
011100010,0
011100011,1
011100100,0
011100101,1
011100110,1
011101000,0
011101001,1
011101010,1
011101100,1
011110000,0
011110001,1
011110010,1
011110100,1
011111000,1
100000111,0
100001011,0
100001101,0
100001110,0
100001111,1
100010011,0
100010101,0
100010110,0
100010111,1
100011001,0
100011010,0
100011011,1
100011100,0
100011101,1
100011110,1
100100011,0
100100101,0
100100110,0
100100111,1
100101001,0
100101010,0
100101011,1
100101100,0
100101101,1
100101110,1
100110001,0
100110010,0
100110011,1
100110100,0
100110101,1
100110110,1
100111000,0
100111001,1
100111010,1
100111100,1
101000011,0
101000101,0
101000110,0
101000111,1
101001001,0
101001010,0
101001011,1
101001100,0
101001101,1
101001110,1
101010001,0
101010010,0
101010011,1
101010100,0
101010101,1
101010110,1
101011000,0
101011001,1
101011010,1
101011100,1
101100001,0
101100010,0
101100011,1
101100100,0
101100101,1
101100110,1
101101000,0
101101001,1
101101010,1
101101100,1
101110000,0
101110001,1
101110010,1
101110100,1
101111000,1
110000011,0
110000101,0
110000110,0
110000111,1
110001001,0
110001010,0
110001011,1
110001100,0
110001101,1
110001110,1
110010001,0
110010010,0
110010011,1
110010100,0
110010101,1
110010110,1
110011000,0
110011001,1
110011010,1
110011100,1
110100001,0
110100010,0
110100011,1
110100100,0
110100101,1
110100110,1
110101000,0
110101001,1
110101010,1
110101100,1
110110000,0
110110001,1
110110010,1
110110100,1
110111000,1
111000001,0
111000010,0
111000011,1
111000100,0
111000101,1
111000110,1
111001000,0
111001001,1
111001010,1
111001100,1
111010000,0
111010001,1
111010010,1
111010100,1
111011000,1
111100000,0
111100001,1
111100010,1
111100100,1
111101000,1
111110000,1
